9.18574607858703e-07
6.234531119680255e-07
2.5041258028052155e-07
3.570006923427836e-07
6.438268293588408e-06
0.004541879562176864
2.605494033435079e-06
3.88556678043229e-07
3.881236917541612e-07
6.438268293588408e-06
6.234531119680255e-07
2.5041258028052155e-07
3.570006923427836e-07
0.004541879562176864
2.5041258028052155e-07
3.570006923427836e-07
3.570006923427836e-07
2.605494033435079e-06
3.88556678043229e-07
2.605494033435079e-06
3.881236917541612e-07
3.88556678043229e-07
6.234531119680255e-07
2.5041258028052155e-07
3.570006923427836e-07
0.004541879562176864
2.5041258028052155e-07
3.570006923427836e-07
3.570006923427836e-07
2.5041258028052155e-07
3.570006923427836e-07
3.570006923427836e-07
0.004541879562176864
3.88556678043229e-07
3.88556678043229e-07
0.004541879562176864
2.5041258028052155e-07
3.570006923427836e-07
3.570006923427836e-07
2.5041258028052155e-07
3.570006923427836e-07
3.570006923427836e-07
3.570006923427836e-07
3.88556678043229e-07
2.5041258028052155e-07
3.570006923427836e-07
3.570006923427836e-07
3.570006923427836e-07
3.570006923427836e-07